# Blender v2.74 (sub 0) OBJ File: ''
# www.blender.org
mtllib break.mtl
o Cube_Cube.005
v 0.136164 0.629896 0.642732
v 0.180061 0.740329 0.659394
v -2.833788 1.819702 0.581499
v -2.789890 1.930135 0.598162
v 0.192937 0.729829 -0.169173
v 0.236835 0.840262 -0.152511
v -2.777014 1.919635 -0.230406
v -2.733117 2.030067 -0.213744
vn -0.069200 -0.121900 0.990100
vn -0.928100 0.371800 -0.019100
vn 0.069200 0.121900 -0.990100
vn 0.928100 -0.371800 0.019100
vn -0.365800 -0.920300 -0.138900
vn 0.365800 0.920300 0.138900
usemtl None
s off
f 2//1 4//1 3//1 1//1
f 4//2 8//2 7//2 3//2
f 8//3 6//3 5//3 7//3
f 6//4 2//4 1//4 5//4
f 1//5 3//5 7//5 5//5
f 6//6 8//6 4//6 2//6
o Cube.001_Cube.006
v -1.582834 1.372033 2.848738
v -1.575659 1.491741 2.844427
v -3.230956 1.372033 0.105803
v -3.223781 1.491741 0.101491
v -0.881669 1.314833 2.427435
v -0.874494 1.434541 2.423124
v -2.529791 1.314833 -0.315500
v -2.522616 1.434541 -0.319811
vn -0.855100 0.069800 0.513800
vn -0.515000 0.000000 -0.857200
vn 0.855100 -0.069800 -0.513800
vn 0.515000 -0.000000 0.857200
vn -0.059800 -0.997600 0.035900
vn 0.059800 0.997600 -0.035900
usemtl None
s off
f 10//7 12//7 11//7 9//7
f 12//8 16//8 15//8 11//8
f 16//9 14//9 13//9 15//9
f 14//10 10//10 9//10 13//10
f 9//11 11//11 15//11 13//11
f 14//12 16//12 12//12 10//12
o Cube.002_Cube.007
v -2.228474 1.149199 2.039471
v -2.222869 1.268907 2.045688
v 0.148337 1.149199 -0.103137
v 0.153941 1.268907 -0.096919
v -1.680768 1.091999 2.647045
v -1.675164 1.211706 2.653263
v 0.696042 1.091999 0.504437
v 0.701647 1.211706 0.510655
vn -0.667900 0.069800 -0.740900
vn 0.742800 0.000000 -0.669600
vn 0.667900 -0.069800 0.740900
vn -0.742800 -0.000000 0.669600
vn -0.046700 -0.997600 -0.051800
vn 0.046700 0.997600 0.051800
usemtl None
s off
f 18//13 20//13 19//13 17//13
f 20//14 24//14 23//14 19//14
f 24//15 22//15 21//15 23//15
f 22//16 18//16 17//16 21//16
f 17//17 19//17 23//17 21//17
f 22//18 24//18 20//18 18//18
